DATASET_PIECHART
SEPARATOR COMMA
DATASET_LABEL,Pie : annotations gains / losts
COLOR,#0000FF
FIELD_COLORS,#0000FF,#A9A9A9
FIELD_LABELS,gain,lost
DATA
NP008919.3_9606_0,0.5,32,32,0
NP001094550.1_9913_1,0.5,2,0,2
G2_0_1,0.5,0,0,0
NP033751.3_10090_3,0.5,2,0,2
G4_2_3,0.5,2,2,0
XP015154663.2_9031_5,0.5,1,0,1
G6_4_5,0.5,0,0,0
NP001120905.1_8364_7,0.5,2,0,2
G8_6_7,0.5,1,1,0
XP021331598.1_7955_9,0.5,2,0,2
G10_8_9,0.5,1,1,0
NP005090.3_9606_11,0.5,37,37,0
NP858053.1_9913_12,0.5,2,0,2
G13_11_12,0.5,1,1,0
NP766433.2_10090_14,0.5,1,0,1
G15_13_14,0.5,5,5,0
XP015135540.3_9031_16,0.5,2,0,2
G17_15_16,0.5,0,0,0
XP004919795.1_8364_18,0.5,1,0,1
G19_17_18,0.5,1,1,0
G20_10_19,0.5,0,0,0
NP038934.2_10090_21,0.5,1,0,1
NP008968.4_9606_22,0.5,0,0,0
G23_21_22,0.5,1,1,0
NP001179254.1_9913_24,0.5,0,0,0
G25_23_24,0.5,0,0,0
XP015153616.2_9031_26,0.5,0,0,0
G27_25_26,0.5,0,0,0
XP002940685.2_8364_28,0.5,0,0,0
G29_27_28,0.5,0,0,0
XP021328605.1_7955_30,0.5,0,0,0
XP001341878.1_7955_31,0.5,0,0,0
G32_30_31,0.5,0,0,0
XP698107.4_7955_33,0.5,0,0,0
XP021332165.1_7955_34,0.5,0,0,0
G35_33_34,0.5,0,0,0
G36_32_35,0.5,0,0,0
G37_29_36,0.5,2,0,2
G38_20_37,0.5,0,0,0
NP001019310.1_10090_39,0.5,0,0,0
NP620686.1_9606_40,0.5,1,1,0
G41_39_40,0.5,0,0,0
NP001179319.1_9913_42,0.5,0,0,0
G43_41_42,0.5,0,0,0
XP417874.2_9031_44,0.5,0,0,0
G45_43_44,0.5,0,0,0
XP012822382.1_8364_46,0.5,0,0,0
G47_45_46,0.5,0,0,0
XP021328606.1_7955_48,0.5,0,0,0
XP001341935.2_7955_49,0.5,0,0,0
G50_48_49,0.5,0,0,0
NP001119901.1_7955_51,0.5,0,0,0
G52_50_51,0.5,0,0,0
G53_47_52,0.5,1,0,1
G54_38_53,0.5,0,0,0
NP035912.2_10090_55,0.5,1,0,1
NP008969.2_9606_56,0.5,3,3,0
G57_55_56,0.5,0,0,0
NP001159987.1_9913_58,0.5,1,0,1
G59_57_58,0.5,12,12,0
XP425541.6_9031_60,0.5,4,0,4
G61_59_60,0.5,2,2,0
XP002935740.1_8364_62,0.5,4,0,4
G63_61_62,0.5,5,5,0
NP001289160.1_7955_64,0.5,2,0,2
G65_63_64,0.5,2,2,0
G66_54_65,0.5,0,0,0
XP002121984.1_7719_67,0.5,1,0,1
G68_66_67,0.5,0,0,0
NP780523.3_10090_69,0.5,1,0,1
NP891550.1_9606_70,0.5,3,3,0
G71_69_70,0.5,1,1,0
NP001193502.1_9913_72,0.5,0,0,0
G73_71_72,0.5,0,0,0
XP004944721.3_9031_74,0.5,1,0,1
G75_73_74,0.5,1,1,0
NP001361725.1_8364_76,0.5,0,0,0
G77_75_76,0.5,0,0,0
NP001244125.1_7955_78,0.5,1,0,1
G79_77_78,0.5,0,0,0
XP011537056.1_9606_80,0.5,2,2,0
NP001193022.1_9913_81,0.5,0,0,0
G82_80_81,0.5,0,0,0
XP006520926.1_10090_83,0.5,0,0,0
G84_82_83,0.5,0,0,0
XP015137930.2_9031_85,0.5,0,0,0
G86_84_85,0.5,0,0,0
XP002932868.3_8364_87,0.5,0,0,0
G88_86_87,0.5,0,0,0
XP017210006.1_7955_89,0.5,0,0,0
G90_88_89,0.5,1,0,1
G91_79_90,0.5,1,1,0
XP026694849.1_7719_92,0.5,1,0,1
G93_91_92,0.5,0,0,0
NP001255448.1_6239_94,0.5,1,0,1
G95_93_94,0.5,0,0,0
G96_68_95,0.5,2,2,0
NP996218.1_7227_97,0.5,0,0,0
G98_96_97,0.5,0,0,0
NP001074489.1_10090_99,0.5,6,0,6
NP922932.2_9606_100,0.5,0,0,0
G101_99_100,0.5,0,0,0
NP001179945.1_9913_102,0.5,6,0,6
G103_101_102,0.5,6,6,0
XP025000716.1_9031_104,0.5,0,0,0
G105_103_104,0.5,0,0,0
XP002934253.2_8364_106,0.5,0,0,0
G107_105_106,0.5,0,0,0
XP017213499.1_7955_108,0.5,0,0,0
G109_107_108,0.5,0,0,0
NP112219.3_9606_110,0.5,13,13,0
XP024849927.1_9913_111,0.5,0,0,0
G112_110_111,0.5,0,0,0
NP766207.2_10090_113,0.5,0,0,0
G114_112_113,0.5,1,1,0
NP001376576.1_9031_115,0.5,0,0,0
G116_114_115,0.5,0,0,0
XP004911053.2_8364_117,0.5,0,0,0
G118_116_117,0.5,0,0,0
NP001116746.1_7955_119,0.5,0,0,0
G120_118_119,0.5,0,0,0
G121_109_120,0.5,0,0,0
XP002127703.2_7719_122,0.5,0,0,0
G123_121_122,0.5,0,0,0
NP001352835.1_9606_124,0.5,1,1,0
XP024853897.1_9913_125,0.5,0,0,0
G126_124_125,0.5,0,0,0
NP001192272.1_10090_127,0.5,0,0,0
G128_126_127,0.5,8,8,0
XP004941721.2_9031_129,0.5,0,0,0
G130_128_129,0.5,0,0,0
XP004917291.1_8364_131,0.5,0,0,0
G132_130_131,0.5,0,0,0
XP005169942.1_7955_133,0.5,0,0,0
G134_132_133,0.5,0,0,0
XP002121111.1_7719_135,0.5,0,0,0
G136_134_135,0.5,0,0,0
G137_123_136,0.5,0,0,0
G138_98_137,0.5,0,0,0
NP780710.2_10090_139,0.5,13,0,13
XP016865394.1_9606_140,0.5,1,1,0
G141_139_140,0.5,12,12,0
NP001179538.1_9913_142,0.5,1,0,1
G143_141_142,0.5,1,1,0
XP003643023.3_9031_144,0.5,2,0,2
G145_143_144,0.5,0,0,0
XP017946319.2_8364_146,0.5,2,0,2
G147_145_146,0.5,0,0,0
XP021332071.1_7955_148,0.5,2,0,2
G149_147_148,0.5,1,1,0
XP005254194.1_9606_150,0.5,36,36,0
XP024837785.1_9913_151,0.5,1,0,1
G152_150_151,0.5,1,1,0
NP001313280.1_10090_153,0.5,5,0,5
G154_152_153,0.5,9,9,0
XP003641878.3_9031_155,0.5,2,0,2
G156_154_155,0.5,0,0,0
XP002933006.3_8364_157,0.5,2,0,2
G158_156_157,0.5,0,0,0
XP021333676.1_7955_159,0.5,2,0,2
G160_158_159,0.5,1,1,0
G161_149_160,0.5,3,3,0
XP002121766.2_7719_162,0.5,0,0,0
G163_161_162,0.5,0,0,0
NP572247.2_7227_164,0.5,0,0,0
G165_163_164,0.5,0,0,0
G166_138_165,0.5,0,0,0
XP006530858.1_10090_167,0.5,1,0,1
NP955387.1_9606_168,0.5,3,3,0
G169_167_168,0.5,1,1,0
NP001179415.2_9913_170,0.5,0,0,0
G171_169_170,0.5,1,1,0
XP015148002.3_9031_172,0.5,0,0,0
G173_171_172,0.5,0,0,0
XP012817732.1_8364_174,0.5,0,0,0
G175_173_174,0.5,0,0,0
XP009301678.1_7955_176,0.5,0,0,0
G177_175_176,0.5,0,0,0
NP742050.2_10090_178,0.5,0,0,0
NP620687.2_9606_179,0.5,2,2,0
G180_178_179,0.5,0,0,0
XP024837310.1_9913_181,0.5,0,0,0
G182_180_181,0.5,1,1,0
XP031760055.1_8364_183,0.5,0,0,0
G184_182_183,0.5,0,0,0
XP001922446.3_7955_185,0.5,0,0,0
G186_184_185,0.5,0,0,0
G187_177_186,0.5,0,0,0
XP018673460.1_7719_188,0.5,0,0,0
G189_187_188,0.5,0,0,0
G190_166_189,0.5,0,0,0
XP016877462.1_9606_191,0.5,3,3,0
XP024838029.1_9913_192,0.5,0,0,0
G193_191_192,0.5,0,0,0
XP006540908.1_10090_194,0.5,0,0,0
G195_193_194,0.5,0,0,0
XP015147746.2_9031_196,0.5,0,0,0
G197_195_196,0.5,0,0,0
XP004912721.1_8364_198,0.5,0,0,0
G199_197_198,0.5,0,0,0
XP021333385.1_7955_200,0.5,0,0,0
G201_199_200,0.5,0,0,0
XP006525982.1_10090_202,0.5,0,0,0
NP598377.4_9606_203,0.5,1,1,0
G204_202_203,0.5,0,0,0
NP001193043.1_9913_205,0.5,0,0,0
G206_204_205,0.5,0,0,0
XP413968.4_9031_207,0.5,0,0,0
G208_206_207,0.5,0,0,0
XP031748801.1_8364_209,0.5,0,0,0
G210_208_209,0.5,0,0,0
G211_201_210,0.5,0,0,0
G212_190_211,0.5,0,0,0
NP001035516.2_10090_213,0.5,0,0,0
NP001381461.1_9606_214,0.5,0,0,0
G215_213_214,0.5,0,0,0
NP001071498.1_9913_216,0.5,19,0,19
G217_215_216,0.5,19,19,0
XP025009773.2_9031_218,0.5,0,0,0
G219_217_218,0.5,0,0,0
XP017947904.2_8364_220,0.5,1,0,1
G221_219_220,0.5,1,1,0
XP017211532.2_7955_222,0.5,0,0,0
XP021331991.1_7955_223,0.5,0,0,0
G224_222_223,0.5,0,0,0
G225_221_224,0.5,0,0,0
XP011507946.1_9606_226,0.5,1,1,0
NP001094531.1_9913_227,0.5,3,0,3
G228_226_227,0.5,3,3,0
NP001288634.1_10090_229,0.5,125,0,125
G230_228_229,0.5,143,143,0
XP002935503.2_8364_231,0.5,0,0,0
G232_230_231,0.5,0,0,0
XP021322467.1_7955_233,0.5,0,0,0
G234_232_233,0.5,0,0,0
G235_225_234,0.5,1,1,0
XP018667344.1_7719_236,0.5,0,0,0
G237_235_236,0.5,0,0,0
NP609406.2_7227_238,0.5,0,0,0
G239_237_238,0.5,0,0,0
NP084257.1_10090_240,0.5,0,0,0
XP011517543.2_9606_241,0.5,3,3,0
G242_240_241,0.5,0,0,0
NP001192863.2_9913_243,0.5,0,0,0
G244_242_243,0.5,0,0,0
XP004946005.4_9031_245,0.5,0,0,0
G246_244_245,0.5,0,0,0
XP031747432.1_8364_247,0.5,4,0,4
G248_246_247,0.5,4,4,0
XP021332354.1_7955_249,0.5,0,0,0
G250_248_249,0.5,0,0,0
NP505017.1_6239_251,0.5,0,0,0
G252_250_251,0.5,0,0,0
G253_239_252,0.5,0,0,0
NP001177303.1_10090_254,0.5,11,0,11
XP011520124.1_9606_255,0.5,0,0,0
G256_254_255,0.5,0,0,0
XP024838113.1_9913_257,0.5,11,0,11
G258_256_257,0.5,15,15,0
XP004943881.2_9031_259,0.5,0,0,0
G260_258_259,0.5,0,0,0
XP012814972.2_8364_261,0.5,0,0,0
G262_260_261,0.5,0,0,0
XP003198947.4_7955_263,0.5,0,0,0
G264_262_263,0.5,0,0,0
XP006538438.1_10090_265,0.5,6,0,6
XP011516365.1_9606_266,0.5,1,1,0
G267_265_266,0.5,0,0,0
XP024851836.1_9913_268,0.5,6,0,6
G269_267_268,0.5,6,6,0
XP004949181.2_9031_270,0.5,0,0,0
G271_269_270,0.5,1,1,0
XP012808484.1_8364_272,0.5,0,0,0
G273_271_272,0.5,0,0,0
G274_264_273,0.5,0,0,0
XP026689948.1_7719_275,0.5,0,0,0
G276_274_275,0.5,0,0,0
XP011241828.1_10090_277,0.5,0,0,0
XP011526263.1_9606_278,0.5,1,1,0
G279_277_278,0.5,0,0,0
XP024850913.1_9913_280,0.5,0,0,0
G281_279_280,0.5,9,9,0
XP015155455.2_9031_282,0.5,0,0,0
G283_281_282,0.5,0,0,0
XP031760531.1_8364_284,0.5,0,0,0
G285_283_284,0.5,0,0,0
XP005166548.1_7955_286,0.5,0,0,0
XP002932288.1_8364_287,0.5,0,0,0
G288_286_287,0.5,0,0,0
G289_285_288,0.5,0,0,0
XP018667203.1_7719_290,0.5,0,0,0
G291_289_290,0.5,0,0,0
G292_276_291,0.5,0,0,0
G293_253_292,0.5,0,0,0
G294_212_293,0.5,0,0,0
NP001001322.1_10090_295,0.5,0,0,0
NP620594.1_9606_296,0.5,0,0,0
G297_295_296,0.5,0,0,0
XP024855422.1_9913_298,0.5,0,0,0
G299_297_298,0.5,2,2,0
XP040505337.1_9031_300,0.5,0,0,0
G301_299_300,0.5,0,0,0
XP031747422.1_8364_302,0.5,0,0,0
G303_301_302,0.5,0,0,0
XP002663267.4_7955_304,0.5,0,0,0
XP021327811.1_7955_305,0.5,0,0,0
G306_304_305,0.5,0,0,0
G307_303_306,0.5,0,0,0
G308_294_307,0.5,0,0,0
NP808540.2_10090_309,0.5,0,0,0
NP001179726.1_9913_310,0.5,0,0,0
G311_309_310,0.5,0,0,0
NP055058.2_9606_312,0.5,13,13,0
G313_311_312,0.5,0,0,0
XP040555677.1_9031_314,0.5,1,0,1
G315_313_314,0.5,1,1,0
XP012810820.2_8364_316,0.5,0,0,0
G317_315_316,0.5,0,0,0
XP021331662.1_7955_318,0.5,3,0,3
G319_317_318,0.5,48,0,48
NP055059.2_9606_320,0.5,22,22,0
NP777056.1_9913_321,0.5,0,0,0
G322_320_321,0.5,0,0,0
NP783574.1_10090_323,0.5,0,0,0
G324_322_323,0.5,5,5,0
XP040503121.1_9031_325,0.5,4,0,4
G326_324_325,0.5,1,1,0
XP012815203.2_8364_327,0.5,5,0,5
G328_326_327,0.5,4,3,1
G329_319_328,0.5,1,1,0
NP631894.2_9606_330,0.5,12,12,0
XP005226419.1_9913_331,0.5,0,0,0
G332_330_331,0.5,0,0,0
NP001074596.1_10090_333,0.5,4,0,4
G334_332_333,0.5,7,7,0
XP004942102.1_9031_335,0.5,3,0,3
G336_334_335,0.5,2,2,0
XP031762102.1_8364_337,0.5,3,0,3
G338_336_337,0.5,0,0,0
XP017214092.1_7955_339,0.5,51,0,51
G340_338_339,0.5,2,1,1
G341_329_340,0.5,66,66,0
XP018671182.1_7719_342,0.5,0,0,0
G343_341_342,0.5,0,0,0
G344_308_343,0.5,0,0,0
NP001264195.1_10090_345,0.5,0,0,0
XP002691532.1_9913_346,0.5,0,0,0
G347_345_346,0.5,0,0,0
NP003174.3_9606_348,0.5,0,0,0
G349_347_348,0.5,0,0,0
NP001008682.1_9031_350,0.5,0,0,0
G351_349_350,0.5,0,0,0
XP031757449.1_8364_352,0.5,0,0,0
G353_351_352,0.5,0,0,0
XP005158775.1_7955_354,0.5,0,0,0
XP021324312.1_7955_355,0.5,0,0,0
G356_354_355,0.5,0,0,0
G357_353_356,0.5,0,0,0
XP002122475.1_7719_358,0.5,0,0,0
G359_357_358,0.5,0,0,0
NP733334.1_7227_360,0.5,0,0,0
G361_359_360,0.5,0,0,0
NP509318.1_6239_362,0.5,0,0,0
G363_361_362,0.5,0,0,0
NP031425.2_10090_364,0.5,0,0,0
NP001101.1_9606_365,0.5,0,0,0
G366_364_365,0.5,0,0,0
NP776921.1_9913_367,0.5,0,0,0
G368_366_367,0.5,0,0,0
NP989592.2_9031_369,0.5,0,0,0
G370_368_369,0.5,0,0,0
NP001037869.1_8364_371,0.5,0,0,0
G372_370_371,0.5,0,0,0
XP021326233.1_7955_373,0.5,0,0,0
XP005168953.1_7955_374,0.5,0,0,0
G375_373_374,0.5,0,0,0
G376_372_375,0.5,0,0,0
XP002127224.2_7719_377,0.5,0,0,0
G378_376_377,0.5,0,0,0
NP492377.1_6239_379,0.5,0,0,0
NP477187.1_7227_380,0.5,0,0,0
G381_379_380,0.5,0,0,0
G382_378_381,0.5,0,0,0
G383_363_382,0.5,0,0,0
XP026692986.1_7719_384,0.5,0,0,0
NP510291.1_6239_385,0.5,0,0,0
NP001027575.1_7227_386,0.5,0,0,0
G387_385_386,0.5,0,0,0
XP002129509.1_7719_388,0.5,0,0,0
NP001257925.1_10090_389,0.5,0,0,0
XP016869431.1_9606_390,0.5,0,0,0
G391_389_390,0.5,0,0,0
NP001179747.2_9913_392,0.5,0,0,0
G393_391_392,0.5,0,0,0
XP024998550.2_9031_394,0.5,0,0,0
G395_393_394,0.5,0,0,0
NP001233130.1_8364_396,0.5,0,0,0
G397_395_396,0.5,0,0,0
XP004915886.2_8364_398,0.5,0,0,0
XP004942396.4_9031_399,0.5,0,0,0
G400_398_399,0.5,0,0,0
G401_397_400,0.5,0,0,0
NP001107911.1_7955_402,0.5,0,0,0
G403_401_402,0.5,0,0,0
XP005172418.1_7955_404,0.5,0,0,0
XP012819411.2_8364_405,0.5,0,0,0
G406_404_405,0.5,0,0,0
XP021323120.1_7955_407,0.5,0,0,0
XP021336100.1_7955_408,0.5,0,0,0
G409_407_408,0.5,0,0,0
NP001035103.1_8364_410,0.5,0,0,0
XP040558417.1_9031_411,0.5,0,0,0
NP031426.2_10090_412,0.5,0,0,0
NP003465.3_9606_413,0.5,0,0,0
NP001001156.1_9913_414,0.5,0,0,0
G415_413_414,0.5,0,0,0
G416_412_415,0.5,0,0,0
G417_411_416,0.5,0,0,0
G418_410_417,0.5,0,0,0
G419_409_418,0.5,0,0,0
G420_406_419,0.5,0,0,0
G421_403_420,0.5,0,0,0
G422_388_421,0.5,0,0,0
G423_387_422,0.5,0,0,0
G424_384_423,0.5,0,0,0
G425_383_424,0.5,0,0,0
G426_344_425,0.5,0,0,0
