DATASET_PIECHART
SEPARATOR COMMA
DATASET_LABEL,Pie : modules gains / losts
COLOR,#990000
FIELD_COLORS,#00FF00,#990000
FIELD_LABELS,gain,lost
DATA
NP008919.3_9606_0,0,4,0,4
NP001094550.1_9913_1,0,3,0,3
G2_0_1,0,5,2,3
NP033751.3_10090_3,0,4,1,3
G4_2_3,0,14,11,3
XP015154663.2_9031_5,0,7,2,5
G6_4_5,0,1,0,1
NP001120905.1_8364_7,0,4,0,4
G8_6_7,0,6,1,5
XP021331598.1_7955_9,0,5,0,5
G10_8_9,0,6,6,0
NP005090.3_9606_11,0,0,0,0
NP858053.1_9913_12,0,0,0,0
G13_11_12,0,1,1,0
NP766433.2_10090_14,0,0,0,0
G15_13_14,0,9,8,1
XP015135540.3_9031_16,0,3,0,3
G17_15_16,0,1,1,0
XP004919795.1_8364_18,0,0,0,0
G19_17_18,0,24,6,18
G20_10_19,0,3,0,3
NP038934.2_10090_21,0,2,0,2
NP008968.4_9606_22,0,1,0,1
G23_21_22,0,2,2,0
NP001179254.1_9913_24,0,0,0,0
G25_23_24,0,7,6,1
XP015153616.2_9031_26,0,1,0,1
G27_25_26,0,6,2,4
XP002940685.2_8364_28,0,6,1,5
G29_27_28,0,2,0,2
XP021328605.1_7955_30,0,0,0,0
XP001341878.1_7955_31,0,0,0,0
G32_30_31,0,9,6,3
XP698107.4_7955_33,0,0,0,0
XP021332165.1_7955_34,0,0,0,0
G35_33_34,0,8,6,2
G36_32_35,0,5,1,4
G37_29_36,0,9,4,5
G38_20_37,0,7,4,3
NP001019310.1_10090_39,0,5,0,5
NP620686.1_9606_40,0,3,0,3
G41_39_40,0,2,0,2
NP001179319.1_9913_42,0,7,0,7
G43_41_42,0,7,5,2
XP417874.2_9031_44,0,10,0,10
G45_43_44,0,2,0,2
XP012822382.1_8364_46,0,11,0,11
G47_45_46,0,5,5,0
XP021328606.1_7955_48,0,0,0,0
XP001341935.2_7955_49,0,0,0,0
G50_48_49,0,9,6,3
NP001119901.1_7955_51,0,1,0,1
G52_50_51,0,7,0,7
G53_47_52,0,7,5,2
G54_38_53,0,10,8,2
NP035912.2_10090_55,0,4,1,3
NP008969.2_9606_56,0,4,1,3
G57_55_56,0,4,1,3
NP001159987.1_9913_58,0,4,0,4
G59_57_58,0,10,10,0
XP425541.6_9031_60,0,6,0,6
G61_59_60,0,2,1,1
XP002935740.1_8364_62,0,8,1,7
G63_61_62,0,7,4,3
NP001289160.1_7955_64,0,5,0,5
G65_63_64,0,20,12,8
G66_54_65,0,2,0,2
XP002121984.1_7719_67,0,12,0,12
G68_66_67,0,9,1,8
NP780523.3_10090_69,0,31,2,29
NP891550.1_9606_70,0,10,2,8
G71_69_70,0,3,1,2
NP001193502.1_9913_72,0,9,1,8
G73_71_72,0,33,17,16
XP004944721.3_9031_74,0,27,0,27
G75_73_74,0,18,13,5
NP001361725.1_8364_76,0,27,0,27
G77_75_76,0,11,9,2
NP001244125.1_7955_78,0,43,0,43
G79_77_78,0,11,6,5
XP011537056.1_9606_80,0,26,1,25
NP001193022.1_9913_81,0,20,1,19
G82_80_81,0,14,10,4
XP006520926.1_10090_83,0,18,0,18
G84_82_83,0,17,13,4
XP015137930.2_9031_85,0,20,0,20
G86_84_85,0,15,11,4
XP002932868.3_8364_87,0,26,0,26
G88_86_87,0,7,2,5
XP017210006.1_7955_89,0,41,0,41
G90_88_89,0,5,2,3
G91_79_90,0,28,26,2
XP026694849.1_7719_92,0,14,0,14
G93_91_92,0,18,17,1
NP001255448.1_6239_94,0,10,0,10
G95_93_94,0,11,8,3
G96_68_95,0,2,2,0
NP996218.1_7227_97,0,26,0,26
G98_96_97,0,10,2,8
NP001074489.1_10090_99,0,4,0,4
NP922932.2_9606_100,0,4,0,4
G101_99_100,0,0,0,0
NP001179945.1_9913_102,0,4,0,4
G103_101_102,0,5,2,3
XP025000716.1_9031_104,0,5,0,5
G105_103_104,0,5,2,3
XP002934253.2_8364_106,0,13,0,13
G107_105_106,0,7,5,2
XP017213499.1_7955_108,0,11,0,11
G109_107_108,0,11,6,5
NP112219.3_9606_110,0,1,0,1
XP024849927.1_9913_111,0,12,0,12
G112_110_111,0,6,0,6
NP766207.2_10090_113,0,5,0,5
G114_112_113,0,16,7,9
NP001376576.1_9031_115,0,11,0,11
G116_114_115,0,8,2,6
XP004911053.2_8364_117,0,18,0,18
G118_116_117,0,4,3,1
NP001116746.1_7955_119,0,16,0,16
G120_118_119,0,5,5,0
G121_109_120,0,25,20,5
XP002127703.2_7719_122,0,10,0,10
G123_121_122,0,17,10,7
NP001352835.1_9606_124,0,4,0,4
XP024853897.1_9913_125,0,10,0,10
G126_124_125,0,6,5,1
NP001192272.1_10090_127,0,4,0,4
G128_126_127,0,21,16,5
XP004941721.2_9031_129,0,6,0,6
G130_128_129,0,5,4,1
XP004917291.1_8364_131,0,8,0,8
G132_130_131,0,10,9,1
XP005169942.1_7955_133,0,8,0,8
G134_132_133,0,19,14,5
XP002121111.1_7719_135,0,8,0,8
G136_134_135,0,28,6,22
G137_123_136,0,18,7,11
G138_98_137,0,6,1,5
NP780710.2_10090_139,0,10,0,10
XP016865394.1_9606_140,0,15,0,15
G141_139_140,0,6,1,5
NP001179538.1_9913_142,0,15,0,15
G143_141_142,0,21,18,3
XP003643023.3_9031_144,0,23,0,23
G145_143_144,0,12,7,5
XP017946319.2_8364_146,0,20,0,20
G147_145_146,0,7,6,1
XP021332071.1_7955_148,0,15,0,15
G149_147_148,0,4,0,4
XP005254194.1_9606_150,0,12,0,12
XP024837785.1_9913_151,0,32,0,32
G152_150_151,0,7,4,3
NP001313280.1_10090_153,0,17,2,15
G154_152_153,0,26,16,10
XP003641878.3_9031_155,0,21,0,21
G156_154_155,0,8,7,1
XP002933006.3_8364_157,0,22,0,22
G158_156_157,0,5,3,2
XP021333676.1_7955_159,0,28,0,28
G160_158_159,0,7,5,2
G161_149_160,0,33,25,8
XP002121766.2_7719_162,0,14,0,14
G163_161_162,0,11,10,1
NP572247.2_7227_164,0,24,0,24
G165_163_164,0,10,2,8
G166_138_165,0,6,4,2
XP006530858.1_10090_167,0,4,0,4
NP955387.1_9606_168,0,4,0,4
G169_167_168,0,7,1,6
NP001179415.2_9913_170,0,11,0,11
G171_169_170,0,3,3,0
XP015148002.3_9031_172,0,11,1,10
G173_171_172,0,5,3,2
XP012817732.1_8364_174,0,15,0,15
G175_173_174,0,5,4,1
XP009301678.1_7955_176,0,9,0,9
G177_175_176,0,11,6,5
NP742050.2_10090_178,0,5,1,4
NP620687.2_9606_179,0,1,0,1
G180_178_179,0,1,1,0
XP024837310.1_9913_181,0,1,0,1
G182_180_181,0,17,7,10
XP031760055.1_8364_183,0,6,0,6
G184_182_183,0,3,1,2
XP001922446.3_7955_185,0,10,0,10
G186_184_185,0,12,4,8
G187_177_186,0,15,15,0
XP018673460.1_7719_188,0,20,0,20
G189_187_188,0,13,6,7
G190_166_189,0,7,7,0
XP016877462.1_9606_191,0,3,0,3
XP024838029.1_9913_192,0,4,0,4
G193_191_192,0,8,4,4
XP006540908.1_10090_194,0,15,0,15
G195_193_194,0,1,0,1
XP015147746.2_9031_196,0,7,0,7
G197_195_196,0,5,4,1
XP004912721.1_8364_198,0,8,1,7
G199_197_198,0,7,1,6
XP021333385.1_7955_200,0,13,0,13
G201_199_200,0,11,10,1
XP006525982.1_10090_202,0,12,2,10
NP598377.4_9606_203,0,10,2,8
G204_202_203,0,5,0,5
NP001193043.1_9913_205,0,9,0,9
G206_204_205,0,10,10,0
XP413968.4_9031_207,0,7,0,7
G208_206_207,0,6,6,0
XP031748801.1_8364_209,0,7,0,7
G210_208_209,0,13,11,2
G211_201_210,0,42,21,21
G212_190_211,0,9,6,3
NP001035516.2_10090_213,0,10,0,10
NP001381461.1_9606_214,0,4,0,4
G215_213_214,0,7,7,0
NP001071498.1_9913_216,0,41,0,41
G217_215_216,0,1,0,1
XP025009773.2_9031_218,0,3,0,3
G219_217_218,0,0,0,0
XP017947904.2_8364_220,0,3,0,3
G221_219_220,0,13,13,0
XP017211532.2_7955_222,0,0,0,0
XP021331991.1_7955_223,0,0,0,0
G224_222_223,0,19,6,13
G225_221_224,0,8,7,1
XP011507946.1_9606_226,0,0,0,0
NP001094531.1_9913_227,0,0,0,0
G228_226_227,0,6,6,0
NP001288634.1_10090_229,0,0,0,0
G230_228_229,0,11,9,2
XP002935503.2_8364_231,0,0,0,0
G232_230_231,0,3,2,1
XP021322467.1_7955_233,0,8,0,8
G234_232_233,0,6,6,0
G235_225_234,0,20,14,6
XP018667344.1_7719_236,0,15,0,15
G237_235_236,0,7,4,3
NP609406.2_7227_238,0,10,0,10
G239_237_238,0,10,2,8
NP084257.1_10090_240,0,11,2,9
XP011517543.2_9606_241,0,24,0,24
G242_240_241,0,4,0,4
NP001192863.2_9913_243,0,18,0,18
G244_242_243,0,12,7,5
XP004946005.4_9031_245,0,18,0,18
G246_244_245,0,5,5,0
XP031747432.1_8364_247,0,10,0,10
G248_246_247,0,10,10,0
XP021332354.1_7955_249,0,6,0,6
G250_248_249,0,25,17,8
NP505017.1_6239_251,0,9,0,9
G252_250_251,0,16,10,6
G253_239_252,0,9,1,8
NP001177303.1_10090_254,0,23,0,23
XP011520124.1_9606_255,0,38,0,38
G256_254_255,0,10,0,10
XP024838113.1_9913_257,0,30,0,30
G258_256_257,0,23,19,4
XP004943881.2_9031_259,0,42,1,41
G260_258_259,0,24,13,11
XP012814972.2_8364_261,0,26,0,26
G262_260_261,0,9,4,5
XP003198947.4_7955_263,0,34,0,34
G264_262_263,0,17,14,3
XP006538438.1_10090_265,0,33,0,33
XP011516365.1_9606_266,0,28,0,28
G267_265_266,0,0,0,0
XP024851836.1_9913_268,0,27,0,27
G269_267_268,0,10,8,2
XP004949181.2_9031_270,0,24,0,24
G271_269_270,0,14,12,2
XP012808484.1_8364_272,0,21,0,21
G273_271_272,0,26,14,12
G274_264_273,0,32,32,0
XP026689948.1_7719_275,0,19,0,19
G276_274_275,0,12,9,3
XP011241828.1_10090_277,0,1,0,1
XP011526263.1_9606_278,0,0,0,0
G279_277_278,0,0,0,0
XP024850913.1_9913_280,0,0,0,0
G281_279_280,0,9,7,2
XP015155455.2_9031_282,0,1,0,1
G283_281_282,0,6,1,5
XP031760531.1_8364_284,0,1,0,1
G285_283_284,0,3,1,2
XP005166548.1_7955_286,0,2,0,2
XP002932288.1_8364_287,0,2,0,2
G288_286_287,0,0,0,0
G289_285_288,0,9,8,1
XP018667203.1_7719_290,0,1,0,1
G291_289_290,0,32,8,24
G292_276_291,0,7,2,5
G293_253_292,0,12,2,10
G294_212_293,0,13,12,1
NP001001322.1_10090_295,0,9,0,9
NP620594.1_9606_296,0,1,0,1
G297_295_296,0,9,5,4
XP024855422.1_9913_298,0,9,0,9
G299_297_298,0,17,11,6
XP040505337.1_9031_300,0,11,0,11
G301_299_300,0,5,4,1
XP031747422.1_8364_302,0,8,0,8
G303_301_302,0,13,12,1
XP002663267.4_7955_304,0,0,0,0
XP021327811.1_7955_305,0,0,0,0
G306_304_305,0,24,13,11
G307_303_306,0,32,22,10
G308_294_307,0,11,11,0
NP808540.2_10090_309,0,9,0,9
NP001179726.1_9913_310,0,7,0,7
G311_309_310,0,1,1,0
NP055058.2_9606_312,0,8,1,7
G313_311_312,0,12,10,2
XP040555677.1_9031_314,0,6,0,6
G315_313_314,0,1,1,0
XP012810820.2_8364_316,0,7,0,7
G317_315_316,0,2,2,0
XP021331662.1_7955_318,0,3,0,3
G319_317_318,0,11,7,4
NP055059.2_9606_320,0,0,0,0
NP777056.1_9913_321,0,1,0,1
G322_320_321,0,0,0,0
NP783574.1_10090_323,0,0,0,0
G324_322_323,0,10,7,3
XP040503121.1_9031_325,0,0,0,0
G326_324_325,0,7,5,2
XP012815203.2_8364_327,0,4,1,3
G328_326_327,0,12,6,6
G329_319_328,0,2,0,2
NP631894.2_9606_330,0,2,1,1
XP005226419.1_9913_331,0,1,1,0
G332_330_331,0,15,6,9
NP001074596.1_10090_333,0,7,0,7
G334_332_333,0,11,10,1
XP004942102.1_9031_335,0,4,0,4
G336_334_335,0,1,1,0
XP031762102.1_8364_337,0,3,0,3
G338_336_337,0,0,0,0
XP017214092.1_7955_339,0,5,0,5
G340_338_339,0,3,1,2
G341_329_340,0,22,22,0
XP018671182.1_7719_342,0,10,0,10
G343_341_342,0,13,13,0
G344_308_343,0,23,23,0
NP001264195.1_10090_345,0,0,0,0
XP002691532.1_9913_346,0,0,0,0
G347_345_346,0,0,0,0
NP003174.3_9606_348,0,0,0,0
G349_347_348,0,4,3,1
NP001008682.1_9031_350,0,0,0,0
G351_349_350,0,2,2,0
XP031757449.1_8364_352,0,1,0,1
G353_351_352,0,4,4,0
XP005158775.1_7955_354,0,3,0,3
XP021324312.1_7955_355,0,0,0,0
G356_354_355,0,0,0,0
G357_353_356,0,16,14,2
XP002122475.1_7719_358,0,5,0,5
G359_357_358,0,6,5,1
NP733334.1_7227_360,0,2,0,2
G361_359_360,0,7,7,0
NP509318.1_6239_362,0,4,0,4
G363_361_362,0,2,2,0
NP031425.2_10090_364,0,0,0,0
NP001101.1_9606_365,0,0,0,0
G366_364_365,0,0,0,0
NP776921.1_9913_367,0,0,0,0
G368_366_367,0,2,2,0
NP989592.2_9031_369,0,1,1,0
G370_368_369,0,2,1,1
NP001037869.1_8364_371,0,0,0,0
G372_370_371,0,2,2,0
XP021326233.1_7955_373,0,8,0,8
XP005168953.1_7955_374,0,0,0,0
G375_373_374,0,0,0,0
G376_372_375,0,10,10,0
XP002127224.2_7719_377,0,3,0,3
G378_376_377,0,7,7,0
NP492377.1_6239_379,0,3,0,3
NP477187.1_7227_380,0,2,0,2
G381_379_380,0,1,1,0
G382_378_381,0,13,12,1
G383_363_382,0,4,4,0
XP026692986.1_7719_384,0,1,0,1
NP510291.1_6239_385,0,4,0,4
NP001027575.1_7227_386,0,2,0,2
G387_385_386,0,7,3,4
XP002129509.1_7719_388,0,3,0,3
NP001257925.1_10090_389,0,2,0,2
XP016869431.1_9606_390,0,0,0,0
G391_389_390,0,1,1,0
NP001179747.2_9913_392,0,0,0,0
G393_391_392,0,9,9,0
XP024998550.2_9031_394,0,0,0,0
G395_393_394,0,2,2,0
NP001233130.1_8364_396,0,1,0,1
G397_395_396,0,9,8,1
XP004915886.2_8364_398,0,8,1,7
XP004942396.4_9031_399,0,2,1,1
G400_398_399,0,3,2,1
G401_397_400,0,4,4,0
NP001107911.1_7955_402,0,2,0,2
G403_401_402,0,9,8,1
XP005172418.1_7955_404,0,2,0,2
XP012819411.2_8364_405,0,0,0,0
G406_404_405,0,5,5,0
XP021323120.1_7955_407,0,0,0,0
XP021336100.1_7955_408,0,3,0,3
G409_407_408,0,1,1,0
NP001035103.1_8364_410,0,0,0,0
XP040558417.1_9031_411,0,2,0,2
NP031426.2_10090_412,0,1,0,1
NP003465.3_9606_413,0,0,0,0
NP001001156.1_9913_414,0,0,0,0
G415_413_414,0,5,5,0
G416_412_415,0,6,6,0
G417_411_416,0,3,3,0
G418_410_417,0,4,4,0
G419_409_418,0,4,4,0
G420_406_419,0,5,5,0
G421_403_420,0,3,2,1
G422_388_421,0,3,2,1
G423_387_422,0,4,4,0
G424_384_423,0,11,11,0
G425_383_424,0,3,3,0
G426_344_425,0,0,0,0
